topo
folyonev
               0.000
COORDINATES
    0
FLOW DIRECTION
    0      
PROTECT DATA
    0      
DATUM
      0.00
RADIUS TYPE
    0
DIVIDE X-Section
0
SECTION ID
     
INTERPOLATED
    0
ANGLE
    0.00   0
RESISTANCE NUMBERS
   1  0     1.000     1.000     1.000    1.000    1.000
PROFILE        98
     0.000    85.809     1.000     <#0>     0     0.000     0
     0.765    85.809     1.000     <#0>     0     0.000     0
     1.531    85.737     1.000     <#0>     0     0.000     0
     2.296    85.727     1.000     <#0>     0     0.000     0
     3.061    85.734     1.000     <#0>     0     0.000     0
     3.827    85.742     1.000     <#0>     0     0.000     0
     4.592    85.762     1.000     <#0>     0     0.000     0
     5.357    85.784     1.000     <#0>     0     0.000     0
     6.122    85.786     1.000     <#0>     0     0.000     0
     6.888    85.768     1.000     <#0>     0     0.000     0
     7.653    85.790     1.000     <#0>     0     0.000     0
     8.418    85.758     1.000     <#0>     0     0.000     0
     9.184    85.757     1.000     <#0>     0     0.000     0
     9.949    85.725     1.000     <#0>     0     0.000     0
    10.714    85.755     1.000     <#0>     0     0.000     0
    11.480    85.698     1.000     <#0>     0     0.000     0
    12.245    85.750     1.000     <#0>     0     0.000     0
    13.010    85.748     1.000     <#0>     0     0.000     0
    13.776    85.789     1.000     <#0>     0     0.000     0
    14.541    85.850     1.000     <#0>     0     0.000     0
    15.306    85.850     1.000     <#0>     0     0.000     0
    16.071    85.866     1.000     <#0>     0     0.000     0
    16.837    85.849     1.000     <#0>     0     0.000     0
    17.602    85.775     1.000     <#0>     0     0.000     0
    18.367    85.829     1.000     <#0>     0     0.000     0
    19.133    85.903     1.000     <#0>     0     0.000     0
    19.898    85.944     1.000     <#0>     0     0.000     0
    20.663    85.909     1.000     <#0>     0     0.000     0
    21.429    85.905     1.000     <#0>     0     0.000     0
    22.194    85.939     1.000     <#0>     0     0.000     0
    22.959    85.962     1.000     <#0>     0     0.000     0
    23.724    86.006     1.000     <#0>     0     0.000     0
    24.490    86.018     1.000     <#0>     0     0.000     0
    25.255    86.036     1.000     <#0>     0     0.000     0
    26.020    86.080     1.000     <#0>     0     0.000     0
    26.786    86.094     1.000     <#0>     0     0.000     0
    27.551    86.113     1.000     <#0>     0     0.000     0
    28.316    86.095     1.000     <#0>     0     0.000     0
    29.082    86.102     1.000     <#0>     0     0.000     0
    29.847    86.140     1.000     <#0>     0     0.000     0
    30.612   101.193     1.000     <#1>     0     0.000     0
    31.378    86.186     1.000     <#0>     0     0.000     0
    32.143    86.214     1.000     <#0>     0     0.000     0
    32.908    86.219     1.000     <#0>     0     0.000     0
    33.673    86.220     1.000     <#0>     0     0.000     0
    34.439    86.188     1.000     <#0>     0     0.000     0
    35.204    83.627     1.000     <#0>     0     0.000     0
    35.969    83.628     1.000     <#0>     0     0.000     0
    36.735    83.635     1.000     <#0>     0     0.000     0
    37.500    83.582     1.000     <#0>     0     0.000     0
    38.265    83.496     1.000     <#0>     0     0.000     0
    39.031    83.456     1.000     <#2>     0     0.000     0
    39.796    86.262     1.000     <#0>     0     0.000     0
    40.561    86.241     1.000     <#0>     0     0.000     0
    41.327    86.237     1.000     <#0>     0     0.000     0
    42.092    86.245     1.000     <#0>     0     0.000     0
    42.857    86.252     1.000     <#4>     0     0.000     0
    43.622    86.228     1.000     <#0>     0     0.000     0
    44.388    86.193     1.000     <#0>     0     0.000     0
    45.153    86.138     1.000     <#0>     0     0.000     0
    45.918    86.129     1.000     <#0>     0     0.000     0
    46.684    86.036     1.000     <#0>     0     0.000     0
    47.449    86.051     1.000     <#0>     0     0.000     0
    48.214    86.057     1.000     <#0>     0     0.000     0
    48.980    86.005     1.000     <#0>     0     0.000     0
    49.745    85.993     1.000     <#0>     0     0.000     0
    50.510    86.067     1.000     <#0>     0     0.000     0
    51.276    86.011     1.000     <#0>     0     0.000     0
    52.041    85.982     1.000     <#0>     0     0.000     0
    52.806    85.914     1.000     <#0>     0     0.000     0
    53.571    85.895     1.000     <#0>     0     0.000     0
    54.337    85.896     1.000     <#0>     0     0.000     0
    55.102    85.924     1.000     <#0>     0     0.000     0
    55.867    85.909     1.000     <#0>     0     0.000     0
    56.633    85.909     1.000     <#0>     0     0.000     0
    57.398    85.948     1.000     <#0>     0     0.000     0
    58.163    85.953     1.000     <#0>     0     0.000     0
    58.929    85.971     1.000     <#0>     0     0.000     0
    59.694    85.987     1.000     <#0>     0     0.000     0
    60.459    86.001     1.000     <#0>     0     0.000     0
    61.224    86.003     1.000     <#0>     0     0.000     0
    61.990    86.017     1.000     <#0>     0     0.000     0
    62.755    86.030     1.000     <#0>     0     0.000     0
    63.520    86.027     1.000     <#0>     0     0.000     0
    64.286    86.008     1.000     <#0>     0     0.000     0
    65.051    86.003     1.000     <#0>     0     0.000     0
    65.816    86.006     1.000     <#0>     0     0.000     0
    66.582    86.001     1.000     <#0>     0     0.000     0
    67.347    86.005     1.000     <#0>     0     0.000     0
    68.112    86.005     1.000     <#0>     0     0.000     0
    68.878    86.007     1.000     <#0>     0     0.000     0
    69.643    86.004     1.000     <#0>     0     0.000     0
    70.408    86.001     1.000     <#0>     0     0.000     0
    71.173    86.012     1.000     <#0>     0     0.000     0
    71.939    86.012     1.000     <#0>     0     0.000     0
    72.704    86.024     1.000     <#0>     0     0.000     0
    74.235    86.022     1.000     <#0>     0     0.000     0
    75.000    86.023     1.000     <#0>     0     0.000     0
LEVEL PARAMS
   0  0    0.000  0    0.000  50
*******************************
topo
folyonev
              10.000
COORDINATES
    0
FLOW DIRECTION
    0      
PROTECT DATA
    0      
DATUM
      0.00
RADIUS TYPE
    0
DIVIDE X-Section
0
SECTION ID
     
INTERPOLATED
    0
ANGLE
    0.00   0
RESISTANCE NUMBERS
   1  0     1.000     1.000     1.000    1.000    1.000
PROFILE        99
     0.000    85.919     1.000     <#0>     0     0.000     0
     0.765    85.951     1.000     <#0>     0     0.000     0
     1.531    85.956     1.000     <#0>     0     0.000     0
     2.296    85.909     1.000     <#0>     0     0.000     0
     3.061    85.925     1.000     <#0>     0     0.000     0
     3.827    85.932     1.000     <#0>     0     0.000     0
     4.592    85.967     1.000     <#0>     0     0.000     0
     5.357    85.978     1.000     <#0>     0     0.000     0
     6.122    85.938     1.000     <#0>     0     0.000     0
     6.888    85.918     1.000     <#0>     0     0.000     0
     7.653    85.978     1.000     <#0>     0     0.000     0
     8.418    85.984     1.000     <#0>     0     0.000     0
     9.184    85.992     1.000     <#0>     0     0.000     0
     9.949    85.993     1.000     <#0>     0     0.000     0
    10.714    85.938     1.000     <#0>     0     0.000     0
    11.480    85.921     1.000     <#0>     0     0.000     0
    12.245    85.945     1.000     <#0>     0     0.000     0
    13.010    85.928     1.000     <#0>     0     0.000     0
    13.776    85.932     1.000     <#0>     0     0.000     0
    14.541    85.922     1.000     <#0>     0     0.000     0
    15.306    85.954     1.000     <#0>     0     0.000     0
    16.071    85.947     1.000     <#0>     0     0.000     0
    16.837    85.954     1.000     <#0>     0     0.000     0
    17.602    85.929     1.000     <#0>     0     0.000     0
    18.367    85.989     1.000     <#0>     0     0.000     0
    19.133    85.972     1.000     <#0>     0     0.000     0
    19.898    85.985     1.000     <#0>     0     0.000     0
    20.663    85.984     1.000     <#0>     0     0.000     0
    21.429    85.979     1.000     <#0>     0     0.000     0
    22.194    86.012     1.000     <#0>     0     0.000     0
    22.959    86.027     1.000     <#0>     0     0.000     0
    23.724    86.019     1.000     <#0>     0     0.000     0
    24.490    86.021     1.000     <#0>     0     0.000     0
    25.255    86.043     1.000     <#0>     0     0.000     0
    26.020    86.011     1.000     <#0>     0     0.000     0
    26.786    86.011     1.000     <#0>     0     0.000     0
    27.551    86.019     1.000     <#0>     0     0.000     0
    28.316    86.061     1.000     <#0>     0     0.000     0
    29.082    86.051     1.000     <#0>     0     0.000     0
    29.847    86.044     1.000     <#0>     0     0.000     0
    30.612    86.036     1.000     <#0>     0     0.000     0
    31.378    86.053     1.000     <#0>     0     0.000     0
    32.143    86.070     1.000     <#0>     0     0.000     0
    32.908    86.081     1.000     <#0>     0     0.000     0
    33.673    86.068     1.000     <#0>     0     0.000     0
    34.439    86.111     1.000     <#1>     0     0.000     0
    35.204    86.082     1.000     <#0>     0     0.000     0
    35.969    85.463     1.000     <#8>     0     0.000     0
    36.735    85.151     1.000     <#0>     0     0.000     0
    37.500    84.819     1.000     <#2>     0     0.000     0
    38.265    84.859     1.000     <#0>     0     0.000     0
    39.031    85.403     1.000     <#0>     0     0.000     0
    39.796    85.681     1.000     <#0>     0     0.000     0
    40.561    85.908     1.000     <#16>     0     0.000     0
    41.327    85.861     1.000     <#0>     0     0.000     0
    42.092    85.838     1.000     <#0>     0     0.000     0
    42.857    85.874     1.000     <#0>     0     0.000     0
    43.622    85.953     1.000     <#0>     0     0.000     0
    44.388    86.038     1.000     <#0>     0     0.000     0
    45.153    86.025     1.000     <#0>     0     0.000     0
    45.918    85.995     1.000     <#0>     0     0.000     0
    46.684    85.949     1.000     <#0>     0     0.000     0
    47.449    86.071     1.000     <#0>     0     0.000     0
    48.214    86.116     1.000     <#4>     0     0.000     0
    48.980    86.091     1.000     <#0>     0     0.000     0
    49.745    86.073     1.000     <#0>     0     0.000     0
    50.510    86.072     1.000     <#0>     0     0.000     0
    51.276    86.082     1.000     <#0>     0     0.000     0
    52.041    86.026     1.000     <#0>     0     0.000     0
    52.806    86.039     1.000     <#0>     0     0.000     0
    53.571    86.005     1.000     <#0>     0     0.000     0
    54.337    85.913     1.000     <#0>     0     0.000     0
    55.102    85.888     1.000     <#0>     0     0.000     0
    55.867    85.900     1.000     <#0>     0     0.000     0
    56.633    85.901     1.000     <#0>     0     0.000     0
    57.398    85.921     1.000     <#0>     0     0.000     0
    58.163    85.916     1.000     <#0>     0     0.000     0
    58.929    85.939     1.000     <#0>     0     0.000     0
    59.694    85.926     1.000     <#0>     0     0.000     0
    60.459    85.884     1.000     <#0>     0     0.000     0
    61.224    85.878     1.000     <#0>     0     0.000     0
    61.990    85.854     1.000     <#0>     0     0.000     0
    62.755    85.900     1.000     <#0>     0     0.000     0
    63.520    85.931     1.000     <#0>     0     0.000     0
    64.286    85.947     1.000     <#0>     0     0.000     0
    65.051    85.919     1.000     <#0>     0     0.000     0
    65.816    85.932     1.000     <#0>     0     0.000     0
    66.582    85.932     1.000     <#0>     0     0.000     0
    67.347    85.945     1.000     <#0>     0     0.000     0
    68.112    85.876     1.000     <#0>     0     0.000     0
    68.878    85.884     1.000     <#0>     0     0.000     0
    69.643    85.880     1.000     <#0>     0     0.000     0
    70.408    85.873     1.000     <#0>     0     0.000     0
    71.173    85.878     1.000     <#0>     0     0.000     0
    71.939    85.891     1.000     <#0>     0     0.000     0
    72.704    85.904     1.000     <#0>     0     0.000     0
    73.469    85.870     1.000     <#0>     0     0.000     0
    74.235    85.888     1.000     <#0>     0     0.000     0
    75.000    85.847     1.000     <#0>     0     0.000     0
LEVEL PARAMS
   0  0    0.000  0    0.000  50
*******************************
topo
folyonev
              20.000
COORDINATES
    0
FLOW DIRECTION
    0      
PROTECT DATA
    0      
DATUM
      0.00
RADIUS TYPE
    0
DIVIDE X-Section
0
SECTION ID
     
INTERPOLATED
    0
ANGLE
    0.00   0
RESISTANCE NUMBERS
   1  0     1.000     1.000     1.000    1.000    1.000
PROFILE        100
     0.000    85.694     1.000     <#0>     0     0.000     0
     0.765    85.699     1.000     <#0>     0     0.000     0
     1.531    85.741     1.000     <#0>     0     0.000     0
     2.296    85.688     1.000     <#0>     0     0.000     0
     3.061    85.658     1.000     <#0>     0     0.000     0
     3.827    85.707     1.000     <#0>     0     0.000     0
     4.592    85.718     1.000     <#0>     0     0.000     0
     5.357    85.736     1.000     <#0>     0     0.000     0
     6.122    85.660     1.000     <#0>     0     0.000     0
     6.888    85.663     1.000     <#0>     0     0.000     0
     7.653    85.719     1.000     <#0>     0     0.000     0
     8.418    85.738     1.000     <#0>     0     0.000     0
     9.184    85.707     1.000     <#0>     0     0.000     0
     9.949    85.705     1.000     <#0>     0     0.000     0
    10.714    85.637     1.000     <#0>     0     0.000     0
    11.480    85.614     1.000     <#0>     0     0.000     0
    12.245    85.609     1.000     <#0>     0     0.000     0
    13.010    85.635     1.000     <#0>     0     0.000     0
    13.776    85.612     1.000     <#0>     0     0.000     0
    14.541    85.602     1.000     <#0>     0     0.000     0
    15.306    85.598     1.000     <#0>     0     0.000     0
    16.071    85.616     1.000     <#0>     0     0.000     0
    16.837    85.606     1.000     <#0>     0     0.000     0
    17.602    85.574     1.000     <#0>     0     0.000     0
    18.367    85.545     1.000     <#0>     0     0.000     0
    19.133    85.569     1.000     <#0>     0     0.000     0
    19.898    85.548     1.000     <#0>     0     0.000     0
    20.663    85.575     1.000     <#0>     0     0.000     0
    21.429    85.528     1.000     <#0>     0     0.000     0
    22.194    85.482     1.000     <#0>     0     0.000     0
    22.959    85.488     1.000     <#0>     0     0.000     0
    23.724    85.488     1.000     <#0>     0     0.000     0
    24.490    85.484     1.000     <#0>     0     0.000     0
    25.255    85.478     1.000     <#0>     0     0.000     0
    26.020    85.488     1.000     <#0>     0     0.000     0
    26.786    85.476     1.000     <#0>     0     0.000     0
    27.551    85.467     1.000     <#0>     0     0.000     0
    28.316    85.462     1.000     <#0>     0     0.000     0
    29.082    85.472     1.000     <#0>     0     0.000     0
    29.847    85.508     1.000     <#0>     0     0.000     0
    30.612    85.466     1.000     <#0>     0     0.000     0
    31.378    85.498     1.000     <#0>     0     0.000     0
    32.143    85.533     1.000     <#0>     0     0.000     0
    32.908    85.574     1.000     <#0>     0     0.000     0
    33.673    85.639     1.000     <#1>     0     0.000     0
    34.439    85.620     1.000     <#0>     0     0.000     0
    35.204    85.602     1.000     <#0>     0     0.000     0
    35.969    85.348     1.000     <#0>     0     0.000     0
    36.735    84.652     1.000     <#0>     0     0.000     0
    37.500    84.501     1.000     <#2>     0     0.000     0
    37.500    84.641     1.000     <#0>     0     0.000     0
    38.265    84.641     1.000     <#0>     0     0.000     0
    39.031    84.984     1.000     <#0>     0     0.000     0
    39.796    85.501     1.000     <#0>     0     0.000     0
    40.561    85.480     1.000     <#0>     0     0.000     0
    41.327    85.450     1.000     <#0>     0     0.000     0
    42.092    85.478     1.000     <#0>     0     0.000     0
    42.857    85.537     1.000     <#0>     0     0.000     0
    43.622    85.599     1.000     <#0>     0     0.000     0
    44.388    85.624     1.000     <#4>     0     0.000     0
    45.153    85.558     1.000     <#0>     0     0.000     0
    45.918    85.473     1.000     <#0>     0     0.000     0
    46.684    85.458     1.000     <#0>     0     0.000     0
    47.449    85.508     1.000     <#0>     0     0.000     0
    48.214    85.504     1.000     <#0>     0     0.000     0
    48.980    85.474     1.000     <#0>     0     0.000     0
    49.745    85.429     1.000     <#0>     0     0.000     0
    50.510    85.402     1.000     <#0>     0     0.000     0
    51.276    85.407     1.000     <#0>     0     0.000     0
    52.041    85.390     1.000     <#0>     0     0.000     0
    52.806    85.387     1.000     <#0>     0     0.000     0
    53.571    85.344     1.000     <#0>     0     0.000     0
    54.337    85.337     1.000     <#0>     0     0.000     0
    55.102    85.315     1.000     <#0>     0     0.000     0
    55.867    85.302     1.000     <#0>     0     0.000     0
    56.633    85.302     1.000     <#0>     0     0.000     0
    57.398    85.326     1.000     <#0>     0     0.000     0
    58.163    85.314     1.000     <#0>     0     0.000     0
    58.929    85.323     1.000     <#0>     0     0.000     0
    59.694    85.300     1.000     <#0>     0     0.000     0
    60.459    85.294     1.000     <#0>     0     0.000     0
    61.224    85.291     1.000     <#0>     0     0.000     0
    61.990    85.265     1.000     <#0>     0     0.000     0
    62.755    85.284     1.000     <#0>     0     0.000     0
    63.520    85.239     1.000     <#0>     0     0.000     0
    64.286    85.232     1.000     <#0>     0     0.000     0
    65.051    85.252     1.000     <#0>     0     0.000     0
    65.816    85.232     1.000     <#0>     0     0.000     0
    66.582    85.203     1.000     <#0>     0     0.000     0
    67.347    85.190     1.000     <#0>     0     0.000     0
    68.112    85.181     1.000     <#0>     0     0.000     0
    68.878    85.174     1.000     <#0>     0     0.000     0
    69.643    85.162     1.000     <#0>     0     0.000     0
    70.408    85.135     1.000     <#0>     0     0.000     0
    71.173    85.136     1.000     <#0>     0     0.000     0
    71.939    85.137     1.000     <#0>     0     0.000     0
    72.704    85.094     1.000     <#0>     0     0.000     0
    73.469    85.104     1.000     <#0>     0     0.000     0
    74.235    85.099     1.000     <#0>     0     0.000     0
    75.000    85.102     1.000     <#0>     0     0.000     0
LEVEL PARAMS
   0  0    0.000  0    0.000  50
*******************************
topo
folyonev
              30.000
COORDINATES
    0
FLOW DIRECTION
    0      
PROTECT DATA
    0      
DATUM
      0.00
RADIUS TYPE
    0
DIVIDE X-Section
0
SECTION ID
     
INTERPOLATED
    0
ANGLE
    0.00   0
RESISTANCE NUMBERS
   1  0     1.000     1.000     1.000    1.000    1.000
PROFILE        99
     0.000    84.018     1.000     <#0>     0     0.000     0
     0.765    83.986     1.000     <#0>     0     0.000     0
     1.531    83.938     1.000     <#0>     0     0.000     0
     2.296    83.917     1.000     <#0>     0     0.000     0
     3.061    83.962     1.000     <#0>     0     0.000     0
     3.827    83.944     1.000     <#0>     0     0.000     0
     4.592    83.959     1.000     <#0>     0     0.000     0
     5.357    83.962     1.000     <#0>     0     0.000     0
     6.122    83.897     1.000     <#0>     0     0.000     0
     6.888    83.903     1.000     <#0>     0     0.000     0
     7.653    83.931     1.000     <#0>     0     0.000     0
     8.418    83.943     1.000     <#0>     0     0.000     0
     9.184    83.930     1.000     <#0>     0     0.000     0
     9.949    83.957     1.000     <#0>     0     0.000     0
    10.714    83.942     1.000     <#0>     0     0.000     0
    11.480    83.965     1.000     <#0>     0     0.000     0
    12.245    84.022     1.000     <#0>     0     0.000     0
    13.010    84.025     1.000     <#0>     0     0.000     0
    13.776    84.042     1.000     <#0>     0     0.000     0
    14.541    84.021     1.000     <#0>     0     0.000     0
    15.306    83.985     1.000     <#0>     0     0.000     0
    16.071    84.024     1.000     <#0>     0     0.000     0
    16.837    84.114     1.000     <#0>     0     0.000     0
    17.602    84.133     1.000     <#0>     0     0.000     0
    18.367    84.180     1.000     <#0>     0     0.000     0
    19.133    84.193     1.000     <#0>     0     0.000     0
    19.898    84.247     1.000     <#0>     0     0.000     0
    20.663    84.267     1.000     <#0>     0     0.000     0
    21.429    84.292     1.000     <#0>     0     0.000     0
    22.194    84.295     1.000     <#0>     0     0.000     0
    22.959    84.318     1.000     <#0>     0     0.000     0
    23.724    84.319     1.000     <#0>     0     0.000     0
    24.490    84.439     1.000     <#0>     0     0.000     0
    25.255    84.511     1.000     <#0>     0     0.000     0
    26.020    84.693     1.000     <#0>     0     0.000     0
    26.786    84.813     1.000     <#0>     0     0.000     0
    27.551    84.913     1.000     <#0>     0     0.000     0
    28.316    84.926     1.000     <#0>     0     0.000     0
    29.082    84.953     1.000     <#0>     0     0.000     0
    29.847    84.974     1.000     <#0>     0     0.000     0
    30.612    85.040     1.000     <#0>     0     0.000     0
    31.378    85.110     1.000     <#0>     0     0.000     0
    32.143    85.218     1.000     <#1>     0     0.000     0
    32.908    85.219     1.000     <#0>     0     0.000     0
    33.673    85.076     1.000     <#0>     0     0.000     0
    34.439    84.726     1.000     <#0>     0     0.000     0
    35.204    84.160     1.000     <#0>     0     0.000     0
    35.969    83.740     1.000     <#0>     0     0.000     0
    36.735    83.637     1.000     <#0>     0     0.000     0
    37.500    83.637     1.000     <#2>     0     0.000     0
    38.265    83.651     1.000     <#0>     0     0.000     0
    39.031    83.694     1.000     <#0>     0     0.000     0
    39.796    84.345     1.000     <#0>     0     0.000     0
    40.561    84.670     1.000     <#0>     0     0.000     0
    41.327    85.258     1.000     <#0>     0     0.000     0
    42.092    85.298     1.000     <#4>     0     0.000     0
    42.857    85.284     1.000     <#0>     0     0.000     0
    43.622    85.301     1.000     <#0>     0     0.000     0
    44.388    85.266     1.000     <#0>     0     0.000     0
    45.153    85.241     1.000     <#0>     0     0.000     0
    45.918    85.221     1.000     <#0>     0     0.000     0
    46.684    85.184     1.000     <#0>     0     0.000     0
    47.449    85.027     1.000     <#0>     0     0.000     0
    48.214    84.912     1.000     <#0>     0     0.000     0
    48.980    84.861     1.000     <#0>     0     0.000     0
    49.745    84.684     1.000     <#0>     0     0.000     0
    50.510    84.168     1.000     <#0>     0     0.000     0
    51.276    83.839     1.000     <#0>     0     0.000     0
    52.041    83.777     1.000     <#0>     0     0.000     0
    52.806    83.593     1.000     <#0>     0     0.000     0
    53.571    83.492     1.000     <#0>     0     0.000     0
    54.337    83.475     1.000     <#0>     0     0.000     0
    55.102    83.445     1.000     <#0>     0     0.000     0
    55.867    83.440     1.000     <#0>     0     0.000     0
    56.633    83.427     1.000     <#0>     0     0.000     0
    57.398    83.429     1.000     <#0>     0     0.000     0
    58.163    83.425     1.000     <#0>     0     0.000     0
    58.929    83.501     1.000     <#0>     0     0.000     0
    59.694    83.519     1.000     <#0>     0     0.000     0
    60.459    83.519     1.000     <#0>     0     0.000     0
    61.224    83.544     1.000     <#0>     0     0.000     0
    61.990    83.825     1.000     <#0>     0     0.000     0
    62.755    83.939     1.000     <#0>     0     0.000     0
    63.520    83.951     1.000     <#0>     0     0.000     0
    64.286    84.003     1.000     <#0>     0     0.000     0
    65.051    84.535     1.000     <#0>     0     0.000     0
    65.816    84.618     1.000     <#0>     0     0.000     0
    66.582    84.831     1.000     <#0>     0     0.000     0
    67.347    84.804     1.000     <#0>     0     0.000     0
    68.112    85.077     1.000     <#0>     0     0.000     0
    68.878    85.115     1.000     <#0>     0     0.000     0
    69.643    85.120     1.000     <#0>     0     0.000     0
    70.408    85.123     1.000     <#0>     0     0.000     0
    71.173    85.180     1.000     <#0>     0     0.000     0
    71.939    85.186     1.000     <#0>     0     0.000     0
    72.704    85.201     1.000     <#0>     0     0.000     0
    73.469    85.196     1.000     <#0>     0     0.000     0
    74.235    85.085     1.000     <#0>     0     0.000     0
    75.000    85.076     1.000     <#0>     0     0.000     0
LEVEL PARAMS
   0  0    0.000  0    0.000  50
*******************************
topo
folyonev
              40.000
COORDINATES
    0
FLOW DIRECTION
    0      
PROTECT DATA
    0      
DATUM
      0.00
RADIUS TYPE
    0
DIVIDE X-Section
0
SECTION ID
     
INTERPOLATED
    0
ANGLE
    0.00   0
RESISTANCE NUMBERS
   1  0     1.000     1.000     1.000    1.000    1.000
PROFILE        99
     0.000    84.214     1.000     <#0>     0     0.000     0
     0.765    84.225     1.000     <#0>     0     0.000     0
     1.531    84.215     1.000     <#0>     0     0.000     0
     2.296    84.208     1.000     <#0>     0     0.000     0
     3.061    84.225     1.000     <#0>     0     0.000     0
     3.827    84.226     1.000     <#0>     0     0.000     0
     4.592    84.242     1.000     <#0>     0     0.000     0
     5.357    84.218     1.000     <#0>     0     0.000     0
     6.122    84.207     1.000     <#0>     0     0.000     0
     6.888    84.213     1.000     <#0>     0     0.000     0
     7.653    84.224     1.000     <#0>     0     0.000     0
     8.418    84.260     1.000     <#0>     0     0.000     0
     9.184    84.241     1.000     <#0>     0     0.000     0
     9.949    84.218     1.000     <#0>     0     0.000     0
    10.714    84.174     1.000     <#0>     0     0.000     0
    11.480    84.185     1.000     <#0>     0     0.000     0
    12.245    84.193     1.000     <#0>     0     0.000     0
    13.010    84.188     1.000     <#0>     0     0.000     0
    13.776    84.200     1.000     <#0>     0     0.000     0
    14.541    84.188     1.000     <#0>     0     0.000     0
    15.306    84.189     1.000     <#0>     0     0.000     0
    16.071    84.163     1.000     <#0>     0     0.000     0
    16.837    84.203     1.000     <#0>     0     0.000     0
    17.602    84.232     1.000     <#0>     0     0.000     0
    18.367    84.234     1.000     <#0>     0     0.000     0
    19.133    84.241     1.000     <#0>     0     0.000     0
    19.898    84.229     1.000     <#0>     0     0.000     0
    20.663    84.257     1.000     <#0>     0     0.000     0
    21.429    84.270     1.000     <#0>     0     0.000     0
    22.194    84.299     1.000     <#0>     0     0.000     0
    22.959    84.331     1.000     <#0>     0     0.000     0
    23.724    84.316     1.000     <#0>     0     0.000     0
    24.490    84.338     1.000     <#0>     0     0.000     0
    25.255    84.379     1.000     <#0>     0     0.000     0
    26.020    84.789     1.000     <#0>     0     0.000     0
    26.786    85.005     1.000     <#0>     0     0.000     0
    27.551    85.184     1.000     <#0>     0     0.000     0
    28.316    85.260     1.000     <#0>     0     0.000     0
    29.082    85.320     1.000     <#1>     0     0.000     0
    29.847    85.298     1.000     <#0>     0     0.000     0
    30.612    85.248     1.000     <#0>     0     0.000     0
    31.378    85.177     1.000     <#0>     0     0.000     0
    32.143    84.927     1.000     <#0>     0     0.000     0
    32.908    84.095     1.000     <#0>     0     0.000     0
    33.673    83.665     1.000     <#0>     0     0.000     0
    34.439    83.568     1.000     <#0>     0     0.000     0
    35.204    83.458     1.000     <#0>     0     0.000     0
    35.969    83.397     1.000     <#0>     0     0.000     0
    36.735    83.344     1.000     <#2>     0     0.000     0
    37.500    83.433     1.000     <#0>     0     0.000     0
    38.265    83.613     1.000     <#0>     0     0.000     0
    39.031    83.903     1.000     <#0>     0     0.000     0
    39.796    84.850     1.000     <#0>     0     0.000     0
    40.561    85.066     1.000     <#0>     0     0.000     0
    41.327    85.312     1.000     <#0>     0     0.000     0
    42.092    85.468     1.000     <#0>     0     0.000     0
    42.857    85.511     1.000     <#0>     0     0.000     0
    43.622    85.524     1.000     <#0>     0     0.000     0
    44.388    85.527     1.000     <#0>     0     0.000     0
    45.153    85.592     1.000     <#0>     0     0.000     0
    45.918    85.656     1.000     <#4>     0     0.000     0
    46.684    85.368     1.000     <#0>     0     0.000     0
    47.449    85.025     1.000     <#0>     0     0.000     0
    48.214    84.658     1.000     <#0>     0     0.000     0
    48.980    84.274     1.000     <#0>     0     0.000     0
    49.745    84.205     1.000     <#0>     0     0.000     0
    50.510    84.159     1.000     <#0>     0     0.000     0
    51.276    84.121     1.000     <#0>     0     0.000     0
    52.041    84.053     1.000     <#0>     0     0.000     0
    52.806    84.023     1.000     <#0>     0     0.000     0
    53.571    83.921     1.000     <#0>     0     0.000     0
    54.337    83.914     1.000     <#0>     0     0.000     0
    55.102    83.903     1.000     <#0>     0     0.000     0
    55.867    83.926     1.000     <#0>     0     0.000     0
    56.633    83.946     1.000     <#0>     0     0.000     0
    57.398    83.958     1.000     <#0>     0     0.000     0
    58.163    83.957     1.000     <#0>     0     0.000     0
    58.929    83.959     1.000     <#0>     0     0.000     0
    59.694    83.966     1.000     <#0>     0     0.000     0
    60.459    83.963     1.000     <#0>     0     0.000     0
    61.224    83.956     1.000     <#0>     0     0.000     0
    61.990    83.957     1.000     <#0>     0     0.000     0
    62.755    83.947     1.000     <#0>     0     0.000     0
    63.520    83.955     1.000     <#0>     0     0.000     0
    64.286    83.964     1.000     <#0>     0     0.000     0
    65.051    83.962     1.000     <#0>     0     0.000     0
    65.816    83.967     1.000     <#0>     0     0.000     0
    66.582    83.964     1.000     <#0>     0     0.000     0
    67.347    83.948     1.000     <#0>     0     0.000     0
    68.112    83.944     1.000     <#0>     0     0.000     0
    68.878    83.947     1.000     <#0>     0     0.000     0
    69.643    83.925     1.000     <#0>     0     0.000     0
    70.408    83.925     1.000     <#0>     0     0.000     0
    71.173    83.920     1.000     <#0>     0     0.000     0
    71.939    83.925     1.000     <#0>     0     0.000     0
    72.704    83.924     1.000     <#0>     0     0.000     0
    73.469    83.910     1.000     <#0>     0     0.000     0
    74.235    83.890     1.000     <#0>     0     0.000     0
    75.000    83.868     1.000     <#0>     0     0.000     0
LEVEL PARAMS
   0  0    0.000  0    0.000  50
*******************************
